$ ./lane_emden.py 
		θ 						ξ			 			φ
----------------------------------------------------------------------
0.0019464044242345126 	 3.1359999999997656 	 -3.146460401168929
0.0016264632293660213 	 3.1369999999997655 	 -3.1464795430754533
0.0013067240359070625 	 3.1379999999997654 	 -3.1464955487243804
0.0009871869698875697 	 3.1389999999997653 	 -3.1465084160934578
0.0006678521571788466 	 3.139999999999765 	 -3.146518143163559
0.0003487197234935013 	 3.140999999999765 	 -3.146524727918688
2.978979438538024e-05 	 3.141999999999765 	 -3.146528168345982
-0.0002889375047504984 	 3.142999999999765 	 -3.1465284624357177
ξ1: 3.142999999999765
